"Date","Description","H/A","S1","S1P","S2","S2P","S3","S3P","S4","S4P","S5","S5P","Sets","SetsP","LPZ-Diff","Live-PZ","Live-PZ-O"
01.09.2016,"Saisonstart",,,,,,,,,,,,,,,1523,
12.09.2016,"Einzel 1","A","-",6,"-",9,"+",10,"+",12,"-",9,"-",2,-8,1515,1523
,"Einzel 2","A","+",5,"-",8,"+",3,"-",6,"-",5,"-",2,-4,1511,1594
23.09.2016,"Einzel 1","A","+",6,"+",6,"-",7,"-",8,"+",10,"+",2,+14,1525,1627
,"Einzel 2","A","-",7,"-",9,"-",4,,,,,"-",0,-1,1524,1723
26.09.2016,"Einzel 1","A","-",6,"-",2,"+",10,"-",10,,,"-",1,-5,1519,1579
,"Einzel 2","A","+",6,"+",2,"+",5,,,,,"+",0,+12,1531,1596
29.09.2016,"Einzel 1","A","+",6,"-",8,"+",8,"+",7,,,"+",1,+12,1543,1609
,"Einzel 2","A","-",9,"-",6,"-",8,,,,,"-",0,-2,1541,1674
01.11.2016,"Einzel 1","A","-",9,"+",8,"-",1,"-",10,,,"-",1,-8,1533,1549
,"Einzel 2","A","+",7,"-",5,"-",11,"+",9,"+",2,"+",2,+12,1545,1613
04.11.2016,"Einzel 1","A","+",7,"-",3,"+",6,"+",5,,,"+",1,+5,1550,1502
,"Einzel 2","A","+",7,"-",5,"-",6,"+",19,"+",7,"+",2,+8,1558,1543
16.11.2016,"Einzel 1","A","-",8,"-",6,"+",7,"-",6,,,"-",1,-5,1553,1615
,"Einzel 2","A","+",8,"+",7,"-",8,"+",9,,,"+",1,+7,1560,1545
17.11.2016,"Einzel 1","H","-",6,"+",3,"+",9,"-",12,"-",7,"-",2,-8,1552,1561
,"Einzel 2","H","+",5,"-",6,"-",9,"+",2,"-",14,"-",2,-2,1550,1677
21.11.2016,"Einzel 1","A","-",8,"-",4,"+",4,"-",8,,,"-",1,-2,1548,1674
04.12.2016,"Einzel 1","H","-",5,"-",4,"-",7,,,,,"-",0,-5,1543,1606
,"Einzel 2","H","+",5,"-",11,"-",6,"-",5,,,"-",1,-2,1541,1688
05.12.2016,"Einzel 1","A","+",9,"+",9,"-",9,"-",6,"-",8,"-",2,-7,1534,1564
,"Einzel 2","A","+",7,"-",11,"-",8,"+",7,"+",12,"+",2,+13,1547,1626
08.12.2016,"Einzel 1","H","+",4,"+",9,"+",15,,,,,"+",0,+12,1559,1625
,"Einzel 2","H","+",6,"+",3,"-",8,"+",10,,,"+",1,+7,1566,1528
24.01.2017,"Einzel 1","A","-",5,"-",5,"-",7,,,,,"-",0,-8,1558,1559
06.02.2017,"Einzel 1","A","-",3,"-",8,"+",8,"+",10,"+",7,"+",2,+9,1567,1575
,"Einzel 2","A","-",10,"+",8,"+",6,"+",7,,,"+",1,+7,1574,1539
19.02.2017,"Einzel 1","A","+",8,"-",11,"+",8,"+",9,,,"+",1,+14,1588,1690
,"Einzel 2","A","+",9,"+",8,"-",9,"-",8,"+",6,"+",2,+5,1593,1519
21.02.2017,"Einzel 1","A","+",1,"+",2,"+",8,,,,,"+",0,+1,1594,1443
,"Einzel 2","A","+",8,"+",8,"+",9,,,,,"+",0,+6,1600,1551
23.02.2017,"Einzel 1","A","-",3,"-",10,"-",3,,,,,"-",0,-3,1597,1700
,"Einzel 2","A","+",7,"-",8,"+",15,"-",7,"-",8,"-",2,-10,1587,1559
27.02.2017,"Einzel 1","A","+",2,"+",5,"+",4,,,,,"+",0,+0,1587,1323
06.03.2017,"Einzel 1","A","+",8,"-",5,"-",8,"-",1,,,"-",1,-7,1580,1609
,"Einzel 2","A","-",9,"-",6,"+",6,"-",5,,,"-",1,-9,1571,1566
